Seed for function srand().#
190549

Inbound loads (suppliers).#
5

Inbound docks.#
3

Outbound docks.#
3

Vehicle.#
10

Vehicle capacity.#
16

Customers.#
15

Number of products.#
10

Time to load one pallet .#
2

Service time per pallet.#
2

Changeover time.#
2

Processing time for inbound load.#
150  165  110  170  60  

Time window.#
0  405
308  373
197  262
273  318
298  359
195  268
251  306
236  285
250  299
249  304
282  325
217  276
213  272
306  371
207  289
210  271
0  405

Quantity of required pallets per customer.#
8  4  11  6  4  9  14  7  13  8  4  7  8  15  10  

Quantity of required products per customer.#
11  4  22  0  6  0  0  0  33  0  0  0  0  0  17  
11  4  23  6  6  94  0  18  34  0  0  14  0  78  17  
0  11  0  18  18  0  197  0  0  0  0  0  37  0  47  
23  8  0  13  13  0  144  36  0  0  0  28  27  0  0  
23  8  0  13  13  0  0  36  67  0  0  28  0  0  0  
14  5  0  8  0  0  0  0  0  25  0  18  0  0  21  
12  4  0  7  0  0  0  19  0  22  0  0  15  0  0  
0  4  26  7  0  0  0  0  0  0  0  0  15  0  19  
0  8  48  14  14  0  0  0  0  44  44  31  29  167  0  
17  6  34  10  0  0  0  0  50  30  30  0  20  0  25  

Number of each product into inbound loads.#
0  0  0  93  0  
305  0  0  0  0  
0  0  0  0  328  
0  0  292  0  0  
0  188  0  0  0  
0  91  0  0  0  
0  0  79  0  0  
0  0  0  71  0  
0  0  0  399  0  
0  222  0  0  0  

Volume of each product.#
0.12  0.11  0.04  0.06  0.06  0.09  0.11  0.10  0.05  0.08  

Distance (travel time).#
0.00  15.23  18.00  22.36  25.00  20.62  11.18  21.21  26.25  32.02  25.50  33.54  15.00  11.18  32.02  30.41  0.00  
15.23  0.00  32.56  14.56  32.20  32.20  24.84  21.02  31.58  17.80  15.56  26.40  16.64  26.40  46.87  45.35  15.23  
18.00  32.56  0.00  34.41  20.22  23.85  16.40  36.25  36.07  47.42  43.29  50.29  23.43  9.43  21.19  13.00  18.00  
22.36  14.56  34.41  0.00  25.00  42.72  33.54  35.36  45.04  15.00  29.15  40.31  11.18  32.02  53.15  47.17  22.36  
25.00  32.20  20.22  25.00  0.00  41.23  31.62  46.10  50.54  40.00  47.17  57.01  15.81  25.50  41.23  29.15  25.00  
20.62  32.20  23.85  42.72  41.23  0.00  10.00  20.62  13.93  50.00  33.54  35.36  35.36  15.81  20.00  29.15  20.62  
11.18  24.84  16.40  33.54  31.62  10.00  0.00  20.62  19.85  42.43  30.41  35.36  25.50  7.07  22.36  25.50  11.18  
21.21  21.02  36.25  35.36  46.10  20.62  20.62  0.00  12.21  36.40  14.14  15.00  33.54  26.93  40.31  46.10  21.21  
26.25  31.58  36.07  45.04  50.54  13.93  19.85  12.21  0.00  48.10  26.25  24.17  40.79  26.91  33.38  42.94  26.25  
32.02  17.80  47.42  15.00  40.00  50.00  42.43  36.40  48.10  0.00  25.00  35.36  25.50  43.01  64.03  60.42  32.02  
25.50  15.56  43.29  29.15  47.17  33.54  30.41  14.14  26.25  25.00  0.00  11.18  32.02  35.00  52.20  55.00  25.50  
33.54  26.40  50.29  40.31  57.01  35.36  35.36  15.00  24.17  35.36  11.18  0.00  42.43  41.23  55.23  60.83  33.54  
15.00  16.64  23.43  11.18  15.81  35.36  25.50  33.54  40.79  25.50  32.02  42.43  0.00  22.36  43.01  36.06  15.00  
11.18  26.40  9.43  32.02  25.50  15.81  7.07  26.93  26.91  43.01  35.00  41.23  22.36  0.00  21.21  20.00  11.18  
32.02  46.87  21.19  53.15  41.23  20.00  22.36  40.31  33.38  64.03  52.20  55.23  43.01  21.21  0.00  15.81  32.02  
30.41  45.35  13.00  47.17  29.15  29.15  25.50  46.10  42.94  60.42  55.00  60.83  36.06  20.00  15.81  0.00  30.41  
0.00  15.23  18.00  22.36  25.00  20.62  11.18  21.21  26.25  32.02  25.50  33.54  15.00  11.18  32.02  30.41  0.00  

Number to update the time windows.#
175.00

Instance.#
08_C15_I2_OD3_P10_S5_100_R109
