Seed for function srand().#
1016884

Inbound loads (suppliers).#
10

Inbound docks.#
3

Outbound docks.#
4

Vehicle.#
10

Vehicle capacity.#
16

Customers.#
25

Number of products.#
15

Time to load one pallet .#
2

Service time per pallet.#
2

Changeover time.#
2

Processing time for inbound load.#
85  100  220  60  165  65  115  260  55  245  

Time window.#
0  687
457  661
457  659
457  654
596  626
457  656
546  576
457  655
542  572
544  574
571  601
514  544
457  662
606  636
457  644
508  538
457  647
604  634
457  661
457  644
457  645
457  658
544  574
515  545
457  647
613  643
0  687

Quantity of required pallets per customer.#
10  14  16  12  14  8  7  13  6  5  10  14  9  16  5  12  16  15  13  16  10  4  9  9  6  

Quantity of required products per customer.#
15  0  0  13  0  11  8  12  0  0  0  12  0  0  0  0  0  23  16  0  0  0  12  11  5  
0  27  0  12  20  10  8  0  0  0  0  0  0  63  0  0  63  0  0  0  0  0  11  10  5  
0  70  0  32  0  26  21  30  0  0  100  30  135  0  0  90  0  56  39  0  0  0  30  0  12  
14  0  0  12  20  10  0  0  14  0  0  11  52  0  0  0  0  21  15  0  0  0  0  0  5  
15  0  197  13  0  10  0  12  14  0  41  12  0  0  0  0  65  0  0  0  0  0  12  0  5  
21  0  0  19  0  0  12  17  0  87  0  17  0  0  0  0  0  0  22  0  0  70  0  15  7  
26  49  0  23  37  0  0  21  25  0  0  21  0  0  0  0  0  0  27  340  0  0  0  0  9  
0  0  0  0  41  21  16  23  0  0  0  23  0  0  59  0  0  44  30  0  0  0  0  21  10  
0  27  0  12  0  0  8  11  0  0  0  11  0  0  0  0  0  22  15  0  0  0  11  10  5  
0  75  0  0  56  28  0  32  0  0  0  32  0  0  0  0  0  0  0  0  81  0  0  29  13  
34  0  0  29  47  24  19  27  0  0  0  27  0  145  0  81  0  51  35  0  68  0  27  24  0  
0  0  0  0  0  0  7  11  13  0  0  11  0  0  0  0  0  0  14  0  28  0  11  0  4  
73  0  0  0  0  0  0  58  70  0  195  58  0  0  0  176  0  110  76  0  0  0  0  52  25  
14  26  0  12  20  0  8  11  0  0  0  11  0  0  0  0  61  21  0  0  28  0  11  10  4  
0  0  0  43  69  35  27  39  0  0  0  39  0  211  99  118  0  0  0  0  0  0  39  35  16  

Number of each product into inbound loads.#
0  0  0  0  0  0  0  0  0  138  
0  229  0  0  0  0  0  0  0  0  
0  0  0  0  0  0  671  0  0  0  
0  0  174  0  0  0  0  0  0  0  
0  0  0  0  396  0  0  0  0  0  
287  0  0  0  0  0  0  0  0  0  
0  0  0  0  0  0  0  578  0  0  
0  0  0  0  0  288  0  0  0  0  
0  0  0  132  0  0  0  0  0  0  
0  0  0  0  0  0  0  0  346  0  
0  0  0  0  0  0  0  638  0  0  
0  0  99  0  0  0  0  0  0  0  
0  0  0  0  0  0  0  0  0  893  
0  0  0  0  0  0  0  0  0  237  
0  0  770  0  0  0  0  0  0  0  

Volume of each product.#
0.10  0.10  0.04  0.10  0.10  0.07  0.06  0.05  0.10  0.04  0.04  0.11  0.02  0.10  0.03  

Distance (travel time).#
0.00  15.23  18.00  22.36  25.00  20.62  11.18  21.21  26.25  32.02  25.50  33.54  15.00  11.18  32.02  30.41  29.15  30.41  15.81  32.02  31.62  18.03  26.93  36.06  30.00  33.54  0.00  
15.23  0.00  32.56  14.56  32.20  32.20  24.84  21.02  31.58  17.80  15.56  26.40  16.64  26.40  46.87  45.35  42.45  40.71  22.85  28.23  16.49  29.27  39.20  46.17  27.78  37.64  15.23  
18.00  32.56  0.00  34.41  20.22  23.85  16.40  36.25  36.07  47.42  43.29  50.29  23.43  9.43  21.19  13.00  25.18  32.70  27.46  47.42  49.03  10.44  12.21  23.32  34.99  30.15  18.00  
22.36  14.56  34.41  0.00  25.00  42.72  33.54  35.36  45.04  15.00  29.15  40.31  11.18  32.02  53.15  47.17  51.48  52.20  35.36  42.72  22.36  26.93  36.40  40.00  14.14  26.93  22.36  
25.00  32.20  20.22  25.00  0.00  41.23  31.62  46.10  50.54  40.00  47.17  57.01  15.81  25.50  41.23  29.15  45.00  50.99  40.31  56.57  46.10  10.00  14.14  15.00  18.03  10.00  25.00  
20.62  32.20  23.85  42.72  41.23  0.00  10.00  20.62  13.93  50.00  33.54  35.36  35.36  15.81  20.00  29.15  11.18  10.00  11.18  30.00  46.10  31.62  36.06  47.17  50.25  50.99  20.62  
11.18  24.84  16.40  33.54  31.62  10.00  0.00  20.62  19.85  42.43  30.41  35.36  25.50  7.07  22.36  25.50  18.03  20.00  11.18  31.62  40.31  22.36  28.28  39.05  40.31  41.23  11.18  
21.21  21.02  36.25  35.36  46.10  20.62  20.62  0.00  12.21  36.40  14.14  15.00  33.54  26.93  40.31  46.10  31.62  25.00  10.00  11.18  29.15  39.05  47.17  57.01  47.43  54.08  21.21  
26.25  31.58  36.07  45.04  50.54  13.93  19.85  12.21  0.00  48.10  26.25  24.17  40.79  26.91  33.38  42.94  23.00  13.93  10.44  17.72  41.34  41.88  48.10  58.90  55.58  59.62  26.25  
32.02  17.80  47.42  15.00  40.00  50.00  42.43  36.40  48.10  0.00  25.00  35.36  25.50  43.01  64.03  60.42  60.21  58.31  40.31  40.00  11.18  41.23  50.99  55.00  26.93  41.23  32.02  
25.50  15.56  43.29  29.15  47.17  33.54  30.41  14.14  26.25  25.00  0.00  11.18  32.02  35.00  52.20  55.00  44.72  39.05  22.36  15.00  15.81  42.72  52.20  60.42  43.01  53.15  25.50  
33.54  26.40  50.29  40.31  57.01  35.36  35.36  15.00  24.17  35.36  11.18  0.00  42.43  41.23  55.23  60.83  46.10  38.08  25.00  7.07  25.00  51.48  60.42  69.46  54.08  63.64  33.54  
15.00  16.64  23.43  11.18  15.81  35.36  25.50  33.54  40.79  25.50  32.02  42.43  0.00  22.36  43.01  36.06  42.72  45.28  30.41  43.01  30.41  15.81  25.50  30.41  15.00  21.21  15.00  
11.18  26.40  9.43  32.02  25.50  15.81  7.07  26.93  26.91  43.01  35.00  41.23  22.36  0.00  21.21  20.00  20.62  25.50  18.03  38.08  42.72  15.81  21.21  32.02  36.40  35.36  11.18  
32.02  46.87  21.19  53.15  41.23  20.00  22.36  40.31  33.38  64.03  52.20  55.23  43.01  21.21  0.00  15.81  11.18  22.36  30.41  50.00  62.65  31.62  30.00  40.31  55.90  50.99  32.02  
30.41  45.35  13.00  47.17  29.15  29.15  25.50  46.10  42.94  60.42  55.00  60.83  36.06  20.00  15.81  0.00  25.00  35.36  36.40  57.01  61.85  21.21  15.81  25.00  46.10  38.08  30.41  
29.15  42.45  25.18  51.48  45.00  11.18  18.03  31.62  23.00  60.21  44.72  46.10  42.72  20.62  11.18  25.00  0.00  11.18  22.36  40.31  57.01  35.00  36.40  47.43  57.01  55.00  29.15  
30.41  40.71  32.70  52.20  50.99  10.00  20.00  25.00  13.93  58.31  39.05  38.08  45.28  25.50  22.36  35.36  11.18  0.00  18.03  31.62  53.15  41.23  44.72  55.90  60.21  60.83  30.41  
15.81  22.85  27.46  35.36  40.31  11.18  11.18  10.00  10.44  40.31  22.36  25.00  30.41  18.03  30.41  36.40  22.36  18.03  0.00  20.62  35.36  32.02  39.05  49.50  45.28  49.24  15.81  
32.02  28.23  47.42  42.72  56.57  30.00  31.62  11.18  17.72  40.00  15.00  7.07  43.01  38.08  50.00  57.01  40.31  31.62  20.62  0.00  30.41  50.00  58.31  68.01  55.90  64.03  32.02  
31.62  16.49  49.03  22.36  46.10  46.10  40.31  29.15  41.34  11.18  15.81  25.00  30.41  42.72  62.65  61.85  57.01  53.15  35.36  30.41  0.00  45.00  55.00  60.83  36.06  49.24  31.62  
18.03  29.27  10.44  26.93  10.00  31.62  22.36  39.05  41.88  41.23  42.72  51.48  15.81  15.81  31.62  21.21  35.00  41.23  32.02  50.00  45.00  0.00  10.00  18.03  25.00  20.00  18.03  
26.93  39.20  12.21  36.40  14.14  36.06  28.28  47.17  48.10  50.99  52.20  60.42  25.50  21.21  30.00  15.81  36.40  44.72  39.05  58.31  55.00  10.00  0.00  11.18  32.02  22.36  26.93  
36.06  46.17  23.32  40.00  15.00  47.17  39.05  57.01  58.90  55.00  60.42  69.46  30.41  32.02  40.31  25.00  47.43  55.90  49.50  68.01  60.83  18.03  11.18  0.00  31.62  18.03  36.06  
30.00  27.78  34.99  14.14  18.03  50.25  40.31  47.43  55.58  26.93  43.01  54.08  15.00  36.40  55.90  46.10  57.01  60.21  45.28  55.90  36.06  25.00  32.02  31.62  0.00  15.00  30.00  
33.54  37.64  30.15  26.93  10.00  50.99  41.23  54.08  59.62  41.23  53.15  63.64  21.21  35.36  50.99  38.08  55.00  60.83  49.24  64.03  49.24  20.00  22.36  18.03  15.00  0.00  33.54  
0.00  15.23  18.00  22.36  25.00  20.62  11.18  21.21  26.25  32.02  25.50  33.54  15.00  11.18  32.02  30.41  29.15  30.41  15.81  32.02  31.62  18.03  26.93  36.06  30.00  33.54  0.00  

Number to update the time windows.#
457.00

Instance.#
C25_I2_OD4_P15_S10_100_R107
