Seed for function srand().#
207865

Inbound loads (suppliers).#
20

Inbound docks.#
8

Outbound docks.#
8

Vehicle.#
10

Vehicle capacity.#
16

Customers.#
50

Number of products.#
30

Time to load one pallet .#
2

Service time per pallet.#
2

Changeover time.#
2

Processing time for inbound load.#
120  30  100  85  70  40  35  85  55  85  70  85  40  50  35  45  55  15  80  35  

Time window.#
0  382
225  356
170  299
228  317
225  347
172  319
201  310
188  287
202  301
199  308
237  324
185  304
167  285
231  360
184  339
182  304
181  291
212  341
199  288
184  298
231  334
170  288
202  305
188  307
210  342
208  338
239  338
157  292
158  288
181  302
177  284
169  290
219  338
176  313
222  325
206  330
193  330
239  342
194  305
185  338
192  291
195  312
177  310
234  337
183  296
181  321
215  332
186  328
217  344
225  304
227  334
0  382

Quantity of required pallets per customer.#
6  5  3  5  6  3  3  2  2  5  4  7  4  6  7  2  7  6  3  8  7  5  4  2  5  4  6  8  2  2  5  6  3  4  7  8  5  8  6  3  3  6  6  3  3  2  3  6  7  2  

Quantity of required products per customer.#
0  0  17  0  0  23  0  0  0  0  0  0  0  0  0  0  26  0  0  0  0  38  0  0  0  0  46  30  0  0  0  0  0  0  0  0  19  0  0  0  0  0  23  0  0  0  0  0  0  0  
0  0  0  0  0  0  0  0  0  0  0  70  0  0  0  0  0  0  0  0  0  0  0  0  0  0  60  0  12  0  0  0  0  0  0  40  25  0  0  0  0  0  0  91  0  0  0  0  0  0  
0  0  0  0  0  10  0  0  20  0  0  0  0  0  0  0  0  0  0  0  0  0  0  0  12  0  0  13  4  3  0  0  0  0  0  0  0  13  0  0  0  0  0  0  0  0  0  0  0  0  
18  0  0  0  0  0  18  0  0  0  0  0  0  0  0  0  0  0  0  0  0  0  0  0  0  0  0  0  4  0  0  0  0  0  17  16  0  0  0  0  0  0  12  0  0  0  0  0  0  0  
0  0  0  0  0  0  0  0  0  0  0  0  0  0  0  0  0  0  0  0  0  0  0  0  0  0  0  0  0  0  0  0  0  0  0  0  11  0  0  0  0  0  0  0  0  0  0  0  16  0  
0  0  0  0  0  0  0  0  0  8  0  0  0  0  0  0  0  0  0  0  0  0  0  0  13  0  0  0  4  0  0  32  0  0  0  14  8  0  10  0  0  16  0  0  5  0  0  0  0  0  
0  26  0  0  0  0  0  0  0  21  0  0  0  0  0  0  0  0  0  0  0  0  0  0  0  17  0  0  0  0  0  0  39  0  0  0  0  34  26  0  0  39  26  0  13  0  0  0  0  10  
0  0  0  0  0  0  0  20  0  0  0  0  0  0  0  0  0  0  0  0  0  17  0  0  0  0  0  0  0  0  0  0  0  0  0  0  0  0  10  0  0  0  0  0  0  0  0  0  12  4  
0  0  0  0  0  0  0  0  0  0  0  0  0  0  0  0  0  0  0  56  0  0  0  0  0  0  0  0  0  0  0  0  0  0  0  0  23  37  0  21  0  0  0  0  0  28  0  0  32  0  
0  0  16  0  0  0  0  0  0  0  0  0  0  0  0  0  25  0  0  0  0  35  0  0  0  0  0  0  0  0  0  0  0  0  30  0  0  28  21  0  0  32  0  0  0  0  0  0  0  0  
0  0  0  0  0  0  0  0  0  0  47  0  0  0  0  0  0  0  0  0  0  0  0  0  0  0  0  0  0  0  0  0  0  0  0  0  0  0  0  8  0  0  0  0  5  0  0  0  0  0  
0  51  0  0  0  0  0  0  0  43  0  0  51  0  181  0  0  0  0  0  0  0  51  0  0  0  0  69  0  0  0  155  77  0  0  0  0  69  0  38  0  0  0  0  25  0  0  0  0  20  
0  0  0  0  0  0  90  0  0  50  0  0  60  0  0  60  0  0  0  0  0  0  0  0  0  0  0  0  0  20  0  0  0  0  84  0  0  0  0  0  45  0  0  0  30  0  0  0  0  0  
0  42  0  0  0  0  0  0  0  0  0  0  0  0  0  0  0  51  0  85  99  0  0  0  0  28  0  56  0  0  0  0  0  0  0  0  0  0  42  0  0  0  42  0  0  0  0  51  0  0  
39  0  0  0  0  0  0  0  0  0  0  0  0  0  0  0  0  0  0  0  0  0  0  0  0  0  0  0  0  8  0  0  0  0  0  0  0  0  0  0  19  0  0  0  0  0  0  0  0  0  
0  0  0  0  0  0  0  0  0  0  0  0  0  0  0  0  21  22  55  0  0  0  18  0  0  0  0  0  0  6  0  0  0  0  0  0  15  0  0  0  0  0  0  0  0  0  0  0  0  7  
0  0  0  19  0  0  0  0  0  0  0  0  0  0  0  0  13  0  0  0  0  0  0  0  0  0  0  0  0  0  28  0  0  0  0  15  0  0  0  0  0  0  0  0  0  0  0  0  0  4  
0  0  0  0  0  0  0  0  0  0  0  0  35  106  123  0  41  42  0  70  0  0  0  0  0  0  0  0  0  0  0  0  0  35  0  0  0  0  0  0  0  0  35  0  0  0  0  0  0  0  
0  0  0  0  0  18  0  0  0  0  0  0  0  0  0  0  0  0  0  0  43  0  0  0  0  12  0  0  0  0  0  0  0  0  0  0  0  0  0  0  0  0  0  0  0  0  56  0  0  0  
0  0  0  0  175  0  0  0  0  0  0  0  0  0  0  0  0  0  0  0  0  0  0  0  0  0  0  38  0  0  0  0  0  0  0  0  0  0  0  0  0  0  0  0  0  0  0  35  0  0  
0  0  0  0  0  0  0  0  0  54  0  0  0  0  0  0  0  0  0  0  0  0  65  0  0  43  0  0  0  0  164  0  0  0  0  87  0  0  0  0  0  0  0  0  32  0  0  0  76  0  
18  12  0  0  0  0  0  0  0  0  0  0  0  0  0  0  0  0  0  0  0  0  0  0  0  0  0  0  0  0  0  0  0  0  17  0  0  0  0  0  0  0  0  0  0  0  0  0  0  0  
0  0  0  0  0  0  0  0  0  0  0  0  0  51  0  0  0  0  0  0  0  0  0  0  0  0  0  0  0  0  0  0  0  0  0  0  0  0  17  0  0  0  0  0  0  0  0  0  0  0  
0  19  0  0  0  0  0  0  0  0  0  0  0  0  0  19  0  23  0  0  0  0  0  0  0  0  38  0  0  6  0  0  0  19  0  0  0  0  0  0  14  0  0  0  0  0  0  0  0  0  
18  0  9  20  0  0  0  0  0  0  0  28  0  0  0  0  0  0  0  0  0  0  0  0  0  8  0  0  0  0  0  0  0  0  0  0  0  0  0  0  0  0  0  0  0  0  0  0  14  0  
0  0  0  0  0  0  0  0  0  0  0  0  0  0  0  0  30  31  0  0  0  0  0  0  0  0  0  0  0  0  0  0  0  0  0  0  0  0  0  0  19  39  0  0  0  26  0  31  0  0  
0  0  0  0  0  0  0  0  0  0  0  0  16  0  0  0  0  0  0  0  37  0  16  0  0  0  0  21  6  5  0  0  0  16  0  0  0  0  0  12  0  0  0  0  0  0  0  19  0  0  
0  0  0  92  0  0  0  0  0  0  0  0  0  0  0  0  0  0  0  0  0  0  0  0  69  36  0  0  0  0  0  0  0  0  0  73  0  0  0  0  0  0  0  0  0  0  0  0  0  0  
0  0  11  0  0  0  0  0  0  0  0  36  0  0  0  0  0  0  0  0  0  0  0  15  19  0  0  0  0  0  0  0  0  0  21  0  0  0  0  0  0  0  15  0  0  0  0  0  18  0  
0  0  0  0  0  0  0  0  0  15  0  0  0  0  0  0  0  0  0  37  0  0  0  18  0  0  0  0  0  0  0  0  0  18  0  0  0  24  0  0  0  0  0  0  0  0  0  22  0  0  

Number of each product into inbound loads.#
0  0  0  0  0  0  0  0  0  0  0  222  0  0  0  0  0  0  0  0  
298  0  0  0  0  0  0  0  0  0  0  0  0  0  0  0  0  0  0  0  
0  0  0  0  0  75  0  0  0  0  0  0  0  0  0  0  0  0  0  0  
0  0  0  85  0  0  0  0  0  0  0  0  0  0  0  0  0  0  0  0  
0  0  0  0  0  0  0  0  0  0  0  0  0  27  0  0  0  0  0  0  
0  0  0  0  0  0  0  0  0  0  0  0  0  0  0  0  110  0  0  0  
0  0  0  0  0  0  0  0  0  0  251  0  0  0  0  0  0  0  0  0  
0  0  0  0  0  0  63  0  0  0  0  0  0  0  0  0  0  0  0  0  
0  0  0  0  0  0  0  0  0  0  0  0  0  0  0  0  0  0  0  197  
0  0  0  0  0  0  0  187  0  0  0  0  0  0  0  0  0  0  0  0  
0  60  0  0  0  0  0  0  0  0  0  0  0  0  0  0  0  0  0  0  
0  0  0  0  0  0  0  0  0  830  0  0  0  0  0  0  0  0  0  0  
0  0  0  0  0  0  0  0  0  0  0  0  0  0  0  0  0  0  439  0  
0  0  496  0  0  0  0  0  0  0  0  0  0  0  0  0  0  0  0  0  
0  0  0  0  0  0  0  0  0  0  0  0  0  0  0  0  0  66  0  0  
0  0  0  0  0  0  0  0  0  0  0  0  144  0  0  0  0  0  0  0  
0  0  0  0  0  0  0  0  0  0  0  0  0  0  79  0  0  0  0  0  
0  0  0  0  487  0  0  0  0  0  0  0  0  0  0  0  0  0  0  0  
0  0  0  0  0  0  0  0  129  0  0  0  0  0  0  0  0  0  0  0  
0  0  0  0  0  0  0  0  0  0  0  0  0  0  0  248  0  0  0  0  
0  0  0  0  0  0  0  0  0  0  0  0  0  0  0  0  0  0  521  0  
0  0  0  0  0  0  0  0  0  0  47  0  0  0  0  0  0  0  0  0  
0  0  0  0  0  0  0  0  68  0  0  0  0  0  0  0  0  0  0  0  
0  0  138  0  0  0  0  0  0  0  0  0  0  0  0  0  0  0  0  0  
0  0  0  0  0  0  0  97  0  0  0  0  0  0  0  0  0  0  0  0  
0  0  0  0  0  0  0  0  0  0  0  176  0  0  0  0  0  0  0  0  
0  0  0  148  0  0  0  0  0  0  0  0  0  0  0  0  0  0  0  0  
270  0  0  0  0  0  0  0  0  0  0  0  0  0  0  0  0  0  0  0  
135  0  0  0  0  0  0  0  0  0  0  0  0  0  0  0  0  0  0  0  
0  0  0  0  0  0  0  0  0  0  0  0  0  134  0  0  0  0  0  0  

Volume of each product.#
0.05  0.04  0.12  0.10  0.09  0.11  0.05  0.11  0.04  0.06  0.10  0.02  0.02  0.03  0.05  0.06  0.10  0.03  0.06  0.04  0.02  0.10  0.07  0.06  0.10  0.05  0.07  0.02  0.08  0.06  

Distance (travel time).#
0.00  15.23  18.00  22.36  25.00  20.62  11.18  21.21  26.25  32.02  25.50  33.54  15.00  11.18  32.02  30.41  29.15  30.41  15.81  32.02  31.62  18.03  26.93  36.06  30.00  33.54  11.18  5.00  6.32  29.83  25.50  17.46  34.00  24.76  36.06  41.04  41.40  21.21  42.43  33.97  11.18  28.86  25.50  34.18  31.89  29.15  35.47  34.21  27.80  43.93  16.97  0.00  
15.23  0.00  32.56  14.56  32.20  32.20  24.84  21.02  31.58  17.80  15.56  26.40  16.64  26.40  46.87  45.35  42.45  40.71  22.85  28.23  16.49  29.27  39.20  46.17  27.78  37.64  19.42  10.82  12.00  24.04  11.05  10.44  20.88  12.37  24.74  27.20  40.52  35.81  56.85  41.59  24.02  42.01  40.72  49.40  46.10  36.69  39.01  33.73  28.16  39.82  6.32  15.23  
18.00  32.56  0.00  34.41  20.22  23.85  16.40  36.25  36.07  47.42  43.29  50.29  23.43  9.43  21.19  13.00  25.18  32.70  27.46  47.42  49.03  10.44  12.21  23.32  34.99  30.15  16.40  23.00  20.88  38.29  43.29  35.23  52.00  39.36  48.41  55.57  54.20  15.30  32.31  25.50  9.43  12.21  12.08  18.44  24.19  35.81  45.28  47.43  41.34  58.67  32.31  18.00  
22.36  14.56  34.41  0.00  25.00  42.72  33.54  35.36  45.04  15.00  29.15  40.31  11.18  32.02  53.15  47.17  51.48  52.20  35.36  42.72  22.36  26.93  36.40  40.00  14.14  26.93  18.03  20.62  16.12  9.49  21.21  25.00  31.24  7.28  14.14  21.54  55.08  43.01  64.03  33.38  25.00  40.16  45.28  52.80  53.82  49.50  53.08  48.27  42.58  54.13  8.25  22.36  
25.00  32.20  20.22  25.00  0.00  41.23  31.62  46.10  50.54  40.00  47.17  57.01  15.81  25.50  41.23  29.15  45.00  50.99  40.31  56.57  46.10  10.00  14.14  15.00  18.03  10.00  14.14  28.28  22.02  23.77  42.72  40.00  52.92  32.06  36.40  45.71  66.40  35.00  52.20  9.43  15.81  18.38  32.02  36.24  44.41  52.20  59.94  59.20  52.80  68.59  28.16  25.00  
20.62  32.20  23.85  42.72  41.23  0.00  10.00  20.62  13.93  50.00  33.54  35.36  35.36  15.81  20.00  29.15  11.18  10.00  11.18  30.00  46.10  31.62  36.06  47.17  50.25  50.99  30.00  22.36  26.93  50.45  39.05  27.20  43.83  43.91  55.90  59.41  32.70  11.18  26.93  48.47  25.50  35.47  20.12  28.16  16.49  12.04  22.20  26.93  22.09  39.05  36.24  20.62  
11.18  24.84  16.40  33.54  31.62  10.00  0.00  20.62  19.85  42.43  30.41  35.36  25.50  7.07  22.36  25.50  18.03  20.00  11.18  31.62  40.31  22.36  28.28  39.05  40.31  41.23  20.00  14.14  17.46  40.80  33.54  22.80  40.26  35.61  47.17  51.66  37.80  11.18  32.02  39.36  15.81  28.60  18.03  27.07  21.26  20.62  29.21  31.06  25.06  42.49  27.80  11.18  
21.21  21.02  36.25  35.36  46.10  20.62  20.62  0.00  12.21  36.40  14.14  15.00  33.54  26.93  40.31  46.10  31.62  25.00  10.00  11.18  29.15  39.05  47.17  57.01  47.43  54.08  32.02  18.03  24.70  44.72  22.36  11.18  24.21  33.06  45.28  45.54  20.59  30.00  47.43  55.17  32.02  48.30  38.21  47.10  37.11  18.44  18.11  13.42  7.28  22.80  27.17  21.21  
26.25  31.58  36.07  45.04  50.54  13.93  19.85  12.21  0.00  48.10  26.25  24.17  40.79  26.91  33.38  42.94  23.00  13.93  10.44  17.72  41.34  41.88  48.10  58.90  55.58  59.62  37.34  25.18  31.58  54.01  34.48  22.85  36.07  43.93  56.29  57.38  18.79  25.08  38.33  58.83  34.99  48.17  34.01  42.06  29.02  6.40  9.43  13.15  9.49  25.32  37.22  26.25  
32.02  17.80  47.42  15.00  40.00  50.00  42.43  36.40  48.10  0.00  25.00  35.36  25.50  43.01  64.03  60.42  60.21  58.31  40.31  40.00  11.18  41.23  50.99  55.00  26.93  41.23  31.62  28.28  26.93  20.12  15.00  25.30  21.93  8.25  11.18  9.43  53.00  53.15  74.33  48.26  38.08  54.57  57.14  65.37  63.66  53.71  54.34  47.17  42.76  49.65  15.26  32.02  
25.50  15.56  43.29  29.15  47.17  33.54  30.41  14.14  26.25  25.00  0.00  11.18  32.02  35.00  52.20  55.00  44.72  39.05  22.36  15.00  15.81  42.72  52.20  60.42  43.01  53.15  33.54  20.62  25.50  38.47  10.00  8.06  10.30  24.35  35.36  33.38  28.00  41.23  60.42  56.60  36.40  54.34  48.37  57.43  49.77  32.56  30.46  22.36  18.79  25.30  21.40  25.50  
33.54  26.40  50.29  40.31  57.01  35.36  35.36  15.00  24.17  35.36  11.18  0.00  42.43  41.23  55.23  60.83  46.10  38.08  25.00  7.07  25.00  51.48  60.42  69.46  54.08  63.64  43.01  29.15  35.00  49.65  20.62  17.03  15.52  35.47  46.10  43.00  18.68  45.00  61.85  66.40  44.72  62.03  53.15  62.07  51.79  30.41  24.76  15.00  14.76  14.32  32.45  33.54  
15.00  16.64  23.43  11.18  15.81  35.36  25.50  33.54  40.79  25.50  32.02  42.43  0.00  22.36  43.01  36.06  42.72  45.28  30.41  43.01  30.41  15.81  25.50  30.41  15.00  21.21  7.07  15.81  9.22  15.65  26.93  25.50  37.16  17.26  25.00  32.70  54.12  33.54  54.08  25.08  14.14  29.12  34.71  41.87  44.29  44.10  49.73  46.96  40.72  55.00  12.37  15.00  
11.18  26.40  9.43  32.02  25.50  15.81  7.07  26.93  26.91  43.01  35.00  41.23  22.36  0.00  21.21  20.00  20.62  25.50  18.03  38.08  42.72  15.81  21.21  32.02  36.40  35.36  15.81  15.81  16.28  38.01  36.40  27.02  44.28  35.47  46.10  51.86  44.82  11.18  32.02  32.70  10.00  21.63  14.32  23.09  21.95  27.29  36.24  38.01  31.91  49.24  27.80  11.18  
32.02  46.87  21.19  53.15  41.23  20.00  22.36  40.31  33.38  64.03  52.20  55.23  43.01  21.21  0.00  15.81  11.18  22.36  30.41  50.00  62.65  31.62  30.00  40.31  55.90  50.99  36.06  36.06  37.48  58.52  55.90  44.94  62.30  56.64  67.27  73.00  51.66  11.18  11.18  45.04  29.15  27.17  9.22  10.63  5.66  29.41  40.16  46.53  42.05  58.69  48.92  32.02  
30.41  45.35  13.00  47.17  29.15  29.15  25.50  46.10  42.94  60.42  55.00  60.83  36.06  20.00  15.81  0.00  25.00  35.36  36.40  57.01  61.85  21.21  15.81  25.00  46.10  38.08  29.15  35.36  33.84  50.25  55.90  47.01  64.20  52.33  61.03  68.48  61.72  18.03  25.00  30.81  22.36  12.17  9.22  7.28  21.02  40.80  51.31  55.54  49.98  67.42  45.31  30.41  
29.15  42.45  25.18  51.48  45.00  11.18  18.03  31.62  23.00  60.21  44.72  46.10  42.72  20.62  11.18  25.00  0.00  11.18  22.36  40.31  57.01  35.00  36.40  47.43  57.01  55.00  36.40  32.02  35.36  58.31  50.00  38.28  55.01  53.60  65.19  69.53  40.79  10.00  15.81  50.64  30.41  34.54  16.12  21.40  6.08  18.44  29.12  36.06  32.14  48.17  45.80  29.15  
30.41  40.71  32.70  52.20  50.99  10.00  20.00  25.00  13.93  58.31  39.05  38.08  45.28  25.50  22.36  35.36  11.18  0.00  18.03  31.62  53.15  41.23  44.72  55.90  60.21  60.83  40.00  31.62  36.67  60.21  46.10  34.06  49.20  52.80  65.00  67.74  30.15  18.03  25.00  57.87  35.36  43.57  26.17  32.45  17.09  8.06  18.25  26.17  23.41  38.01  45.31  30.41  
15.81  22.85  27.46  35.36  40.31  11.18  11.18  10.00  10.44  40.31  22.36  25.00  30.41  18.03  30.41  36.40  22.36  18.03  0.00  20.62  35.36  32.02  39.05  49.50  45.28  49.24  26.93  15.00  21.21  44.05  28.28  16.28  32.65  35.11  47.43  49.74  26.91  20.00  38.08  48.83  25.00  39.66  28.28  37.12  27.51  14.14  19.70  20.00  13.89  31.30  27.89  15.81  
32.02  28.23  47.42  42.72  56.57  30.00  31.62  11.18  17.72  40.00  15.00  7.07  43.01  38.08  50.00  57.01  40.31  31.62  20.62  0.00  30.41  50.00  58.31  68.01  55.90  64.03  42.43  28.28  34.71  52.20  25.00  17.89  21.93  38.83  50.25  48.26  13.00  40.31  55.90  65.80  43.01  59.48  48.84  57.56  46.17  23.77  17.69  8.06  8.25  12.04  34.54  32.02  
31.62  16.49  49.03  22.36  46.10  46.10  40.31  29.15  41.34  11.18  15.81  25.00  30.41  42.72  62.65  61.85  57.01  53.15  35.36  30.41  0.00  45.00  55.00  60.83  36.06  49.24  35.00  26.93  28.28  29.83  7.07  19.10  10.77  15.26  22.36  18.00  43.29  51.48  72.11  55.08  40.31  58.08  57.01  65.79  61.29  47.43  46.24  38.08  34.54  39.12  18.11  31.62  
18.03  29.27  10.44  26.93  10.00  31.62  22.36  39.05  41.88  41.23  42.72  51.48  15.81  15.81  31.62  21.21  35.00  41.23  32.02  50.00  45.00  0.00  10.00  18.03  25.00  20.00  10.00  22.36  17.46  29.07  40.31  34.93  50.01  32.98  40.31  48.47  58.73  25.00  42.72  17.00  7.07  13.34  22.47  27.80  34.53  42.95  51.31  51.62  45.25  61.85  27.07  18.03  
26.93  39.20  12.21  36.40  14.14  36.06  28.28  47.17  48.10  50.99  52.20  60.42  25.50  21.21  30.00  15.81  36.40  44.72  39.05  58.31  55.00  10.00  0.00  11.18  32.02  22.36  20.00  31.62  27.29  37.22  50.25  44.27  59.84  42.76  49.24  57.87  65.95  26.93  40.31  15.13  15.81  4.24  21.10  23.09  34.23  48.01  57.38  59.03  52.80  69.89  37.05  26.93  
36.06  46.17  23.32  40.00  15.00  47.17  39.05  57.01  58.90  55.00  60.42  69.46  30.41  32.02  40.31  25.00  47.43  55.90  49.50  68.01  60.83  18.03  11.18  0.00  31.62  18.03  26.93  40.31  34.93  38.08  57.01  52.77  67.05  47.04  50.99  60.53  76.38  38.08  50.00  8.60  25.00  13.15  31.78  32.06  44.91  59.08  68.25  69.35  63.03  79.81  42.76  36.06  
30.00  27.78  34.99  14.14  18.03  50.25  40.31  47.43  55.58  26.93  43.01  54.08  15.00  36.40  55.90  46.10  57.01  60.21  45.28  55.90  36.06  25.00  32.02  31.62  0.00  15.00  20.62  30.41  24.08  7.07  35.36  38.01  45.34  20.81  20.00  30.07  67.78  47.43  67.08  23.54  26.93  36.24  47.01  52.80  57.94  59.08  64.33  60.75  54.71  67.60  21.63  30.00  
33.54  37.64  30.15  26.93  10.00  50.99  41.23  54.08  59.62  41.23  53.15  63.64  21.21  35.36  50.99  38.08  55.00  60.83  49.24  64.03  49.24  20.00  22.36  18.03  15.00  0.00  22.36  36.06  29.41  22.02  47.17  46.69  57.45  34.18  35.00  45.04  74.63  45.00  61.85  9.43  25.50  26.42  41.77  45.31  54.33  61.68  68.94  67.42  61.06  76.06  32.45  33.54  
11.18  19.42  16.40  18.03  14.14  30.00  20.00  32.02  37.34  31.62  33.54  43.01  7.07  15.81  36.06  29.15  36.40  40.00  26.93  42.43  35.00  10.00  20.00  26.93  20.62  22.36  0.00  14.14  8.06  22.47  30.41  26.08  40.26  23.41  32.02  39.36  52.43  26.93  47.17  23.43  7.07  23.19  27.66  34.83  37.58  39.81  46.62  45.22  38.83  54.45  17.12  11.18  
5.00  10.82  23.00  20.62  28.28  22.36  14.14  18.03  25.18  28.28  20.62  29.15  15.81  15.81  36.06  35.36  32.02  31.62  15.00  28.28  26.93  22.36  31.62  40.31  30.41  36.06  14.14  0.00  6.71  29.07  20.62  12.65  29.00  21.63  33.54  37.54  38.59  25.00  46.10  37.54  15.81  33.73  30.08  38.90  35.38  29.07  33.96  31.38  25.06  40.31  13.89  5.00  
6.32  12.00  20.88  16.12  22.02  26.93  17.46  24.70  31.58  26.93  25.50  35.00  9.22  16.28  37.48  33.84  35.36  36.67  21.21  34.71  28.28  17.46  27.29  34.93  24.08  29.41  8.06  6.71  0.00  23.54  23.02  18.03  32.56  19.21  30.00  35.61  45.28  27.02  48.17  31.40  12.04  30.02  30.23  38.47  37.80  35.01  40.52  38.08  31.76  46.75  11.66  6.32  
29.83  24.04  38.29  9.49  23.77  50.45  40.80  44.72  54.01  20.12  38.47  49.65  15.65  38.01  58.52  50.25  58.31  60.21  44.05  52.20  29.83  29.07  37.22  38.08  7.07  22.02  22.47  29.07  23.54  0.00  30.00  34.48  39.62  14.87  13.04  23.02  64.56  49.19  69.64  30.27  29.41  41.34  50.00  56.59  59.94  58.14  62.29  57.72  51.97  63.56  17.72  29.83  
25.50  11.05  43.29  21.21  42.72  39.05  33.54  22.36  34.48  15.00  10.00  20.62  26.93  36.40  55.90  55.90  50.00  46.10  28.28  25.00  7.07  40.31  50.25  57.01  35.36  47.17  30.41  20.62  23.02  30.00  0.00  12.04  10.30  15.26  25.50  23.54  38.00  44.72  65.19  52.00  35.00  53.04  50.60  59.48  54.38  40.50  39.85  32.25  28.16  34.93  14.76  25.50  
17.46  10.44  35.23  25.00  40.00  27.20  22.80  11.18  22.85  25.30  8.06  17.03  25.50  27.02  44.94  47.01  38.28  34.06  16.28  17.89  19.10  34.93  44.27  52.77  38.01  46.69  26.08  12.65  18.03  34.48  12.04  0.00  17.46  22.00  34.13  34.54  30.08  33.84  53.71  49.41  28.46  46.32  40.61  49.65  42.94  28.65  29.27  23.35  18.00  29.68  16.76  17.46  
34.00  20.88  52.00  31.24  52.92  43.83  40.26  24.21  36.07  21.93  10.30  15.52  37.16  44.28  62.30  64.20  55.01  49.20  32.65  21.93  10.77  50.01  59.84  67.05  45.34  57.45  40.26  29.00  32.56  39.62  10.30  17.46  0.00  24.76  33.11  28.28  34.21  51.24  70.68  62.24  44.28  62.39  58.05  67.08  60.01  42.45  39.12  29.97  27.80  29.02  25.06  34.00  
24.76  12.37  39.36  7.28  32.06  43.91  35.61  33.06  43.93  8.25  24.35  35.47  17.26  35.47  56.64  52.33  53.60  52.80  35.11  38.83  15.26  32.98  42.76  47.04  20.81  34.18  23.41  21.63  19.21  14.87  15.26  22.00  24.76  0.00  12.37  16.40  51.62  45.97  67.18  40.61  29.97  46.32  49.41  57.45  56.64  49.04  51.16  45.18  40.00  49.65  7.81  24.76  
36.06  24.74  48.41  14.14  36.40  55.90  47.17  45.28  56.29  11.18  35.36  46.10  25.00  46.10  67.27  61.03  65.19  65.00  47.43  50.25  22.36  40.31  49.24  50.99  20.00  35.00  32.02  33.54  30.00  13.04  25.50  34.13  33.11  12.37  0.00  10.20  63.20  57.01  78.10  43.29  39.05  53.23  59.41  66.84  67.80  61.40  63.39  57.01  52.09  60.42  19.70  36.06  
41.04  27.20  55.57  21.54  45.71  59.41  51.66  45.54  57.38  9.43  33.38  43.00  32.70  51.86  73.00  68.48  69.53  67.74  49.74  48.26  18.00  48.47  57.87  60.53  30.07  45.04  39.36  37.54  35.61  23.02  23.54  34.54  28.28  16.40  10.20  0.00  61.20  62.24  83.45  53.08  46.14  61.68  65.80  73.78  72.84  63.07  63.32  55.73  51.66  57.08  24.08  41.04  
41.40  40.52  54.20  55.08  66.40  32.70  37.80  20.59  18.79  53.00  28.00  18.68  54.12  44.82  51.66  61.72  40.79  30.15  26.91  13.00  43.29  58.73  65.95  76.38  67.78  74.63  52.43  38.59  45.28  64.56  38.00  30.08  34.21  51.62  63.20  61.20  0.00  43.86  55.08  75.29  51.66  66.40  52.80  60.75  46.87  22.36  12.00  7.21  13.60  8.94  46.84  41.40  
21.21  35.81  15.30  43.01  35.00  11.18  11.18  30.00  25.08  53.15  41.23  45.00  33.54  11.18  11.18  18.03  10.00  18.03  20.00  40.31  51.48  25.00  26.93  38.08  47.43  45.00  26.93  25.00  27.02  49.19  44.72  33.84  51.24  45.97  57.01  62.24  43.86  0.00  21.21  40.79  20.62  25.55  8.94  17.26  10.82  22.80  33.29  37.95  32.76  50.00  38.18  21.21  
42.43  56.85  32.31  64.03  52.20  26.93  32.02  47.43  38.33  74.33  60.42  61.85  54.08  32.02  11.18  25.00  15.81  25.00  38.08  55.90  72.11  42.72  40.31  50.00  67.08  61.85  47.17  46.10  48.17  69.64  65.19  53.71  70.68  67.18  78.10  83.45  55.08  21.21  0.00  55.44  40.31  37.05  20.25  18.11  10.82  33.02  43.10  51.09  47.68  63.01  59.40  42.43  
33.97  41.59  25.50  33.38  9.43  48.47  39.36  55.17  58.83  48.26  56.60  66.40  25.08  32.70  45.04  30.81  50.64  57.87  48.83  65.80  55.08  17.00  15.13  8.60  23.54  9.43  23.43  37.54  31.40  30.27  52.00  49.41  62.24  40.61  43.29  53.08  75.29  40.79  55.44  0.00  23.85  18.68  36.00  38.08  49.04  59.93  68.26  68.12  61.72  77.79  37.34  33.97  
11.18  24.02  9.43  25.00  15.81  25.50  15.81  32.02  34.99  38.08  36.40  44.72  14.14  10.00  29.15  22.36  30.41  35.36  25.00  43.01  40.31  7.07  15.81  25.00  26.93  25.50  7.07  15.81  12.04  29.41  35.00  28.46  44.28  29.97  39.05  46.14  51.66  20.62  40.31  23.85  0.00  18.11  20.62  27.80  31.02  36.40  44.42  44.55  38.18  54.82  23.09  11.18  
28.86  42.01  12.21  40.16  18.38  35.47  28.60  48.30  48.17  54.57  54.34  62.03  29.12  21.63  27.17  12.17  34.54  43.57  39.66  59.48  58.08  13.34  4.24  13.15  36.24  26.42  23.19  33.73  30.02  41.34  53.04  46.32  62.39  46.32  53.23  61.68  66.40  25.55  37.05  18.68  18.11  0.00  18.68  19.42  31.78  47.51  57.28  59.64  53.54  70.83  40.31  28.86  
25.50  40.72  12.08  45.28  32.02  20.12  18.03  38.21  34.01  57.14  48.37  53.15  34.71  14.32  9.22  9.22  16.12  26.17  28.28  48.84  57.01  22.47  21.10  31.78  47.01  41.77  27.66  30.08  30.23  50.00  50.60  40.61  58.05  49.41  59.41  65.80  52.80  8.94  20.25  36.00  20.62  18.68  0.00  9.06  13.15  31.62  42.19  46.82  41.48  58.82  41.88  25.50  
34.18  49.40  18.44  52.80  36.24  28.16  27.07  47.10  42.06  65.37  57.43  62.07  41.87  23.09  10.63  7.28  21.40  32.45  37.12  57.56  65.79  27.80  23.09  32.06  52.80  45.31  34.83  38.90  38.47  56.59  59.48  49.65  67.08  57.45  66.84  73.78  60.75  17.26  18.11  38.08  27.80  19.42  9.06  0.00  16.28  38.91  49.66  55.08  50.01  67.19  50.12  34.18  
31.89  46.10  24.19  53.82  44.41  16.49  21.26  37.11  29.02  63.66  49.77  51.79  44.29  21.95  5.66  21.02  6.08  17.09  27.51  46.17  61.29  34.53  34.23  44.91  57.94  54.33  37.58  35.38  37.80  59.94  54.38  42.94  60.01  56.64  67.80  72.84  46.87  10.82  10.82  49.04  31.02  31.78  13.15  16.28  0.00  24.52  35.17  42.11  38.05  54.23  48.84  31.89  
29.15  36.69  35.81  49.50  52.20  12.04  20.62  18.44  6.40  53.71  32.56  30.41  44.10  27.29  29.41  40.80  18.44  8.06  14.14  23.77  47.43  42.95  48.01  59.08  59.08  61.68  39.81  29.07  35.01  58.14  40.50  28.65  42.45  49.04  61.40  63.07  22.36  22.80  33.02  59.93  36.40  47.51  31.62  38.91  24.52  0.00  10.77  18.11  15.65  30.00  41.98  29.15  
35.47  39.01  45.28  53.08  59.94  22.20  29.21  18.11  9.43  54.34  30.46  24.76  49.73  36.24  40.16  51.31  29.12  18.25  19.70  17.69  46.24  51.31  57.38  68.25  64.33  68.94  46.62  33.96  40.52  62.29  39.85  29.27  39.12  51.16  63.39  63.32  12.00  33.29  43.10  68.26  44.42  57.28  42.19  49.66  35.17  10.77  0.00  10.00  11.70  20.40  45.01  35.47  
34.21  33.73  47.43  48.27  59.20  26.93  31.06  13.42  13.15  47.17  22.36  15.00  46.96  38.01  46.53  55.54  36.06  26.17  20.00  8.06  38.08  51.62  59.03  69.35  60.75  67.42  45.22  31.38  38.08  57.72  32.25  23.35  29.97  45.18  57.01  55.73  7.21  37.95  51.09  68.12  44.55  59.64  46.82  55.08  42.11  18.11  10.00  0.00  6.40  12.17  40.02  34.21  
27.80  28.16  41.34  42.58  52.80  22.09  25.06  7.28  9.49  42.76  18.79  14.76  40.72  31.91  42.05  49.98  32.14  23.41  13.89  8.25  34.54  45.25  52.80  63.03  54.71  61.06  38.83  25.06  31.76  51.97  28.16  18.00  27.80  40.00  52.09  51.66  13.60  32.76  47.68  61.72  38.18  53.54  41.48  50.01  38.05  15.65  11.70  6.40  0.00  17.46  34.37  27.80  
43.93  39.82  58.67  54.13  68.59  39.05  42.49  22.80  25.32  49.65  25.30  14.32  55.00  49.24  58.69  67.42  48.17  38.01  31.30  12.04  39.12  61.85  69.89  79.81  67.60  76.06  54.45  40.31  46.75  63.56  34.93  29.68  29.02  49.65  60.42  57.08  8.94  50.00  63.01  77.79  54.82  70.83  58.82  67.19  54.23  30.00  20.40  12.17  17.46  0.00  46.07  43.93  
16.97  6.32  32.31  8.25  28.16  36.24  27.80  27.17  37.22  15.26  21.40  32.45  12.37  27.80  48.92  45.31  45.80  45.31  27.89  34.54  18.11  27.07  37.05  42.76  21.63  32.45  17.12  13.89  11.66  17.72  14.76  16.76  25.06  7.81  19.70  24.08  46.84  38.18  59.40  37.34  23.09  40.31  41.88  50.12  48.84  41.98  45.01  40.02  34.37  46.07  0.00  16.97  
0.00  15.23  18.00  22.36  25.00  20.62  11.18  21.21  26.25  32.02  25.50  33.54  15.00  11.18  32.02  30.41  29.15  30.41  15.81  32.02  31.62  18.03  26.93  36.06  30.00  33.54  11.18  5.00  6.32  29.83  25.50  17.46  34.00  24.76  36.06  41.04  41.40  21.21  42.43  33.97  11.18  28.86  25.50  34.18  31.89  29.15  35.47  34.21  27.80  43.93  16.97  0.00  

Number to update the time windows.#
152.00

Instance.#
C50_I1_OD8_P30_S20_20_R112
