Seed for function srand().#
421069

Inbound loads (suppliers).#
5

Inbound docks.#
3

Outbound docks.#
4

Vehicle.#
10

Vehicle capacity.#
16

Customers.#
15

Number of products.#
10

Time to load one pallet .#
2

Service time per pallet.#
2

Changeover time.#
2

Processing time for inbound load.#
140  215  65  230  165  

Time window.#
0  475
245  449
245  447
245  442
394  404
245  444
344  354
245  443
340  350
342  352
369  379
312  322
245  450
404  414
245  432
306  316
0  475

Quantity of required pallets per customer.#
4  16  8  11  12  14  6  9  6  14  16  16  10  12  8  

Quantity of required products per customer.#
0  55  0  0  69  61  29  0  26  0  111  0  43  46  39  
12  19  13  0  24  21  10  0  9  0  0  0  15  16  13  
0  55  0  383  0  61  0  0  0  0  111  279  43  46  39  
0  23  16  0  28  0  0  43  10  0  0  0  18  19  0  
17  27  19  0  34  0  14  0  12  0  55  0  21  23  0  
0  19  14  0  24  21  0  0  0  0  39  98  0  16  14  
0  23  16  0  29  25  12  43  10  67  0  0  0  19  0  
46  74  52  0  0  81  39  139  34  216  0  0  57  61  52  
16  25  0  0  0  28  13  0  12  75  0  0  20  0  18  
0  23  16  0  0  25  12  0  10  0  46  0  18  19  16  

Number of each product into inbound loads.#
0  0  0  479  0  
0  0  152  0  0  
0  1017  0  0  0  
157  0  0  0  0  
0  0  0  0  222  
0  0  0  0  245  
244  0  0  0  0  
0  0  0  851  0  
0  207  0  0  0  
0  0  0  185  0  

Volume of each product.#
0.03  0.10  0.03  0.08  0.07  0.10  0.08  0.03  0.07  0.08  

Distance (travel time).#
0.00  15.23  18.00  22.36  25.00  20.62  11.18  21.21  26.25  32.02  25.50  33.54  15.00  11.18  32.02  30.41  0.00  
15.23  0.00  32.56  14.56  32.20  32.20  24.84  21.02  31.58  17.80  15.56  26.40  16.64  26.40  46.87  45.35  15.23  
18.00  32.56  0.00  34.41  20.22  23.85  16.40  36.25  36.07  47.42  43.29  50.29  23.43  9.43  21.19  13.00  18.00  
22.36  14.56  34.41  0.00  25.00  42.72  33.54  35.36  45.04  15.00  29.15  40.31  11.18  32.02  53.15  47.17  22.36  
25.00  32.20  20.22  25.00  0.00  41.23  31.62  46.10  50.54  40.00  47.17  57.01  15.81  25.50  41.23  29.15  25.00  
20.62  32.20  23.85  42.72  41.23  0.00  10.00  20.62  13.93  50.00  33.54  35.36  35.36  15.81  20.00  29.15  20.62  
11.18  24.84  16.40  33.54  31.62  10.00  0.00  20.62  19.85  42.43  30.41  35.36  25.50  7.07  22.36  25.50  11.18  
21.21  21.02  36.25  35.36  46.10  20.62  20.62  0.00  12.21  36.40  14.14  15.00  33.54  26.93  40.31  46.10  21.21  
26.25  31.58  36.07  45.04  50.54  13.93  19.85  12.21  0.00  48.10  26.25  24.17  40.79  26.91  33.38  42.94  26.25  
32.02  17.80  47.42  15.00  40.00  50.00  42.43  36.40  48.10  0.00  25.00  35.36  25.50  43.01  64.03  60.42  32.02  
25.50  15.56  43.29  29.15  47.17  33.54  30.41  14.14  26.25  25.00  0.00  11.18  32.02  35.00  52.20  55.00  25.50  
33.54  26.40  50.29  40.31  57.01  35.36  35.36  15.00  24.17  35.36  11.18  0.00  42.43  41.23  55.23  60.83  33.54  
15.00  16.64  23.43  11.18  15.81  35.36  25.50  33.54  40.79  25.50  32.02  42.43  0.00  22.36  43.01  36.06  15.00  
11.18  26.40  9.43  32.02  25.50  15.81  7.07  26.93  26.91  43.01  35.00  41.23  22.36  0.00  21.21  20.00  11.18  
32.02  46.87  21.19  53.15  41.23  20.00  22.36  40.31  33.38  64.03  52.20  55.23  43.01  21.21  0.00  15.81  32.02  
30.41  45.35  13.00  47.17  29.15  29.15  25.50  46.10  42.94  60.42  55.00  60.83  36.06  20.00  15.81  0.00  30.41  
0.00  15.23  18.00  22.36  25.00  20.62  11.18  21.21  26.25  32.02  25.50  33.54  15.00  11.18  32.02  30.41  0.00  

Number to update the time windows.#
245.00

Instance.#
09_C15_I2_OD4_P10_S5_100_R103
