Seed for function srand().#
857705

Inbound loads (suppliers).#
5

Inbound docks.#
3

Outbound docks.#
3

Vehicle.#
10

Vehicle capacity.#
16

Customers.#
15

Number of products.#
10

Time to load one pallet .#
2

Service time per pallet.#
2

Changeover time.#
2

Processing time for inbound load.#
290  165  70  125  155  

Time window.#
0  365
150  339
153  337
189  322
273  304
155  334
211  266
156  305
222  247
223  250
242  285
192  221
150  327
282  315
167  322
185  216
0  365

Quantity of required pallets per customer.#
11  8  13  13  9  11  16  9  8  14  5  15  10  6  9  

Quantity of required products per customer.#
29  19  0  44  215  37  95  35  19  47  17  0  0  14  26  
19  12  0  29  0  25  64  24  12  0  11  0  26  9  18  
39  26  70  60  0  0  130  0  26  65  0  0  0  19  0  
16  10  28  0  0  20  53  0  10  26  9  0  0  7  0  
53  35  95  81  0  69  0  65  35  87  0  0  73  26  49  
0  12  0  0  0  23  0  0  12  0  10  0  25  9  17  
20  13  35  30  0  0  0  24  13  32  11  0  27  9  18  
19  12  0  0  0  25  0  23  12  0  11  0  0  9  17  
61  39  108  92  0  78  0  0  39  99  0  749  83  29  56  
24  16  44  37  0  0  0  30  16  40  14  0  33  12  22  

Number of each product into inbound loads.#
0  0  0  597  0  
0  0  0  0  249  
435  0  0  0  0  
0  0  179  0  0  
0  668  0  0  0  
0  108  0  0  0  
0  0  0  0  232  
0  128  0  0  0  
1433  0  0  0  0  
288  0  0  0  0  

Volume of each product.#
0.05  0.07  0.04  0.09  0.03  0.08  0.07  0.08  0.02  0.06  

Distance (travel time).#
0.00  15.23  18.00  22.36  25.00  20.62  11.18  21.21  26.25  32.02  25.50  33.54  15.00  11.18  32.02  30.41  0.00  
15.23  0.00  32.56  14.56  32.20  32.20  24.84  21.02  31.58  17.80  15.56  26.40  16.64  26.40  46.87  45.35  15.23  
18.00  32.56  0.00  34.41  20.22  23.85  16.40  36.25  36.07  47.42  43.29  50.29  23.43  9.43  21.19  13.00  18.00  
22.36  14.56  34.41  0.00  25.00  42.72  33.54  35.36  45.04  15.00  29.15  40.31  11.18  32.02  53.15  47.17  22.36  
25.00  32.20  20.22  25.00  0.00  41.23  31.62  46.10  50.54  40.00  47.17  57.01  15.81  25.50  41.23  29.15  25.00  
20.62  32.20  23.85  42.72  41.23  0.00  10.00  20.62  13.93  50.00  33.54  35.36  35.36  15.81  20.00  29.15  20.62  
11.18  24.84  16.40  33.54  31.62  10.00  0.00  20.62  19.85  42.43  30.41  35.36  25.50  7.07  22.36  25.50  11.18  
21.21  21.02  36.25  35.36  46.10  20.62  20.62  0.00  12.21  36.40  14.14  15.00  33.54  26.93  40.31  46.10  21.21  
26.25  31.58  36.07  45.04  50.54  13.93  19.85  12.21  0.00  48.10  26.25  24.17  40.79  26.91  33.38  42.94  26.25  
32.02  17.80  47.42  15.00  40.00  50.00  42.43  36.40  48.10  0.00  25.00  35.36  25.50  43.01  64.03  60.42  32.02  
25.50  15.56  43.29  29.15  47.17  33.54  30.41  14.14  26.25  25.00  0.00  11.18  32.02  35.00  52.20  55.00  25.50  
33.54  26.40  50.29  40.31  57.01  35.36  35.36  15.00  24.17  35.36  11.18  0.00  42.43  41.23  55.23  60.83  33.54  
15.00  16.64  23.43  11.18  15.81  35.36  25.50  33.54  40.79  25.50  32.02  42.43  0.00  22.36  43.01  36.06  15.00  
11.18  26.40  9.43  32.02  25.50  15.81  7.07  26.93  26.91  43.01  35.00  41.23  22.36  0.00  21.21  20.00  11.18  
32.02  46.87  21.19  53.15  41.23  20.00  22.36  40.31  33.38  64.03  52.20  55.23  43.01  21.21  0.00  15.81  32.02  
30.41  45.35  13.00  47.17  29.15  29.15  25.50  46.10  42.94  60.42  55.00  60.83  36.06  20.00  15.81  0.00  30.41  
0.00  15.23  18.00  22.36  25.00  20.62  11.18  21.21  26.25  32.02  25.50  33.54  15.00  11.18  32.02  30.41  0.00  

Number to update the time windows.#
135.00

Instance.#
05_C15_I2_OD3_P10_S5_100_R111
