Seed for function srand().#
818583

Inbound loads (suppliers).#
5

Inbound docks.#
3

Outbound docks.#
3

Vehicle.#
10

Vehicle capacity.#
16

Customers.#
15

Number of products.#
10

Time to load one pallet .#
2

Service time per pallet.#
2

Changeover time.#
2

Processing time for inbound load.#
45  85  85  120  50  

Time window.#
0  333
103  307
103  305
103  300
242  272
103  302
192  222
103  301
188  218
190  220
217  247
160  190
103  308
252  282
103  290
154  184
0  333

Quantity of required pallets per customer.#
3  8  5  4  8  5  2  2  7  5  8  2  6  2  8  

Quantity of required products per customer.#
4  0  0  4  0  0  3  0  7  6  0  2  0  4  9  
4  0  7  4  0  8  3  0  7  5  0  2  0  4  9  
7  0  0  0  33  14  5  33  11  9  22  3  0  0  15  
24  114  40  25  0  47  19  0  39  31  0  11  114  0  0  
0  37  13  8  0  15  0  0  12  10  24  3  37  0  16  
0  0  16  10  45  0  7  0  15  12  30  4  0  0  20  
6  30  10  6  0  0  0  0  10  0  20  3  0  0  13  
8  0  14  8  39  16  6  0  13  10  26  3  0  7  17  
33  155  0  34  155  0  0  0  54  43  0  15  155  31  68  
0  0  10  6  0  12  0  0  10  8  19  2  0  5  13  

Number of each product into inbound loads.#
0  0  0  0  39  
0  0  0  53  0  
0  152  0  0  0  
464  0  0  0  0  
0  0  175  0  0  
0  159  0  0  0  
0  0  98  0  0  
0  0  0  167  0  
0  0  0  743  0  
0  0  0  0  85  

Volume of each product.#
0.11  0.11  0.07  0.02  0.06  0.05  0.08  0.06  0.02  0.08  

Distance (travel time).#
0.00  15.23  18.00  22.36  25.00  20.62  11.18  21.21  26.25  32.02  25.50  33.54  15.00  11.18  32.02  30.41  0.00  
15.23  0.00  32.56  14.56  32.20  32.20  24.84  21.02  31.58  17.80  15.56  26.40  16.64  26.40  46.87  45.35  15.23  
18.00  32.56  0.00  34.41  20.22  23.85  16.40  36.25  36.07  47.42  43.29  50.29  23.43  9.43  21.19  13.00  18.00  
22.36  14.56  34.41  0.00  25.00  42.72  33.54  35.36  45.04  15.00  29.15  40.31  11.18  32.02  53.15  47.17  22.36  
25.00  32.20  20.22  25.00  0.00  41.23  31.62  46.10  50.54  40.00  47.17  57.01  15.81  25.50  41.23  29.15  25.00  
20.62  32.20  23.85  42.72  41.23  0.00  10.00  20.62  13.93  50.00  33.54  35.36  35.36  15.81  20.00  29.15  20.62  
11.18  24.84  16.40  33.54  31.62  10.00  0.00  20.62  19.85  42.43  30.41  35.36  25.50  7.07  22.36  25.50  11.18  
21.21  21.02  36.25  35.36  46.10  20.62  20.62  0.00  12.21  36.40  14.14  15.00  33.54  26.93  40.31  46.10  21.21  
26.25  31.58  36.07  45.04  50.54  13.93  19.85  12.21  0.00  48.10  26.25  24.17  40.79  26.91  33.38  42.94  26.25  
32.02  17.80  47.42  15.00  40.00  50.00  42.43  36.40  48.10  0.00  25.00  35.36  25.50  43.01  64.03  60.42  32.02  
25.50  15.56  43.29  29.15  47.17  33.54  30.41  14.14  26.25  25.00  0.00  11.18  32.02  35.00  52.20  55.00  25.50  
33.54  26.40  50.29  40.31  57.01  35.36  35.36  15.00  24.17  35.36  11.18  0.00  42.43  41.23  55.23  60.83  33.54  
15.00  16.64  23.43  11.18  15.81  35.36  25.50  33.54  40.79  25.50  32.02  42.43  0.00  22.36  43.01  36.06  15.00  
11.18  26.40  9.43  32.02  25.50  15.81  7.07  26.93  26.91  43.01  35.00  41.23  22.36  0.00  21.21  20.00  11.18  
32.02  46.87  21.19  53.15  41.23  20.00  22.36  40.31  33.38  64.03  52.20  55.23  43.01  21.21  0.00  15.81  32.02  
30.41  45.35  13.00  47.17  29.15  29.15  25.50  46.10  42.94  60.42  55.00  60.83  36.06  20.00  15.81  0.00  30.41  
0.00  15.23  18.00  22.36  25.00  20.62  11.18  21.21  26.25  32.02  25.50  33.54  15.00  11.18  32.02  30.41  0.00  

Number to update the time windows.#
103.00

Instance.#
08_C15_I1_OD3_P10_S5_100_R107
